function ldi = heli_model
  A = [[0.000000000000,0.000000000000,0.000000000000,0.998573780060,0.053384274244,0.000000000000,0.000000000000,0.000000000000,0.000000000000,0.000000000000, 0.000000000000, 0.000000000000, 0.000000000000, 0.000000000000, 0.000000000000, 0.000000000000, 0.000000000000, 0.000000000000, 0.000000000000, 0.000000000000, 0.000000000000, 0.000000000000, 0.000000000000, 0.000000000000, 0.000000000000, 0.000000000000, 0.000000000000, 0.000000000000, 0.000000000000,0.000000000000,0.000000000000,0.000000000000,0.000000000000,0.000000000000]; 
   [0.000000000000,0.000000000000,1.000000000000,-0.003182219341,0.059524655342,0.000000000000,0.000000000000,0.000000000000,0.000000000000,0.000000000000, 0.000000000000, 0.000000000000, 0.000000000000, 0.000000000000, 0.000000000000, 0.000000000000, 0.000000000000, 0.000000000000, 0.000000000000, 0.000000000000, 0.000000000000, 0.000000000000, 0.000000000000, 0.000000000000, 0.000000000000, 0.000000000000, 0.000000000000, 0.000000000000, 0.000000000000,0.000000000000,0.000000000000,0.000000000000,0.000000000000,0.000000000000]; 
  [0.000000000000,0.000000000000,-11.570495605469,-2.544637680054,-0.063602626324,0.106780529022,-0.094918668270,0.007107574493,-3.700790207851,-16.213284674534, -2.984968535139, -0.493137919288, -1.186954196152, -0.031106608756, 0.024595252653, 0.008231369923, 0.231787619674, 0.745302732591, 7.895709940231, 2.026930360369, 0.271792657736, 0.315196108541, 0.015876847710, 0.009288507454, 0.087920280806, -0.103727794204, -4.447282126346, 0.016271459306, 0.000000000000,0.000000000000,0.000000000000,0.000000000000,0.000000000000,0.000000000000];
   [0.000000000000,0.000000000000,0.439356565475,-1.998182296753,0.000000000000,0.016651883721,0.018462046981,-0.001187470742,-7.517319654181,0.236494174025, -0.028725044803, -2.442989538035, 0.034510550810, -0.004683216652, -0.005154038690, -0.002104275246, -0.079935853309, 1.420125114638, -0.117856066698, -0.226142434271, -0.002585832387, -0.001365917341, 0.035962654791, 0.028993699893, -0.045896888864, 0.716358354284, 0.029085601036, -0.001242728387, 0.000000000000,0.000000000000,0.000000000000,0.000000000000,0.000000000000,0.000000000000]; 
  [0.000000000000,0.000000000000,-2.040895462036,-0.458999156952,-0.735027790070,0.019255757332,-0.004595622420,0.002120360732,-0.740775522612,-2.555714688932, -0.339301128908, -0.033104023297, -1.446467788369, -0.007442776396, -0.000012314482, 0.030657946816, 1.002118140789, 0.153644862643, 1.273828227991, 1.983204935524, 0.048757213739, 0.060295617991, 0.001605314985, 0.000554368427, 0.475422075598, -0.010880647601, -0.775712358056, -0.408545111762, 0.000000000000,0.000000000000,0.000000000000,0.000000000000,0.000000000000,0.000000000000]; 
   [-32.103607177734,0.000000000000,-0.503355026245,2.297859191895,0.000000000000,-0.021215811372,-0.021167919040,0.015811592340,8.689411857722,-0.215429806172, 0.063500560122, 2.847523923644, -0.297021616015, 0.001323463163, 0.002124820781, 0.068860932948, 1.694077894544, -1.639571645676, 0.110652545728, 0.728735301618, 0.003107735169, 0.003335187976, -0.042347579477, -0.034247794709, 0.469091132962, -0.814424502262, -0.018082452136, 0.016747349252, 0.000000000000,0.000000000000,0.000000000000,0.000000000000,0.000000000000,0.000000000000]; 
  [0.102161169052,32.057830810547,-2.347217559814,-0.503611564636,0.834947586060,0.021226570010,-0.037879735231,0.000354003860,-0.560681623936,-3.574948145694, -0.788176766644, -0.107590635594, 0.908657075077, -0.008720966051, 0.005669792925, 0.044884407612, 0.788227489086, 0.111065913657, 1.709840089441, -0.946574755181, 0.054255711842, 0.060392345409, 0.003299051857, 0.001965592530, -0.035607238660, -0.021984114632, -0.893130060176, 0.503048977806, 0.000000000000,0.000000000000,0.000000000000,0.000000000000,0.000000000000,0.000000000000]; 
   [-1.910972595215,1.713829040527,-0.004005432129,-0.057411193848,0.000000000000,0.013989634812,-0.000906753354,-0.290513515472,-1.440209153996,-1.089782421583, -0.599051729911, -0.930901394778, 5.044060722850, 0.079229241316, 0.074101747848, -1.301808243838, -31.393874531397, 0.233327947688, 0.478559456452, -9.198865975131, -0.002820980233, -0.034669033757, 0.022125233836, 0.019923408940, -8.159414332666, -0.129736796488, -0.298841506489, -0.300193732750, 0.000000000000,0.000000000000,0.000000000000,0.000000000000,0.000000000000,0.000000000000]; 
  [0.050176870833,-0.003161246171,-0.486165175190,0.266534777047,0.003826227932,0.000001339204,0.000001199431,-0.000022435600,-0.020657323970,0.001301453941, 0.213359280279, 0.881596311923, 0.051809053856, -0.000000551337, -0.000000493794, 0.000009236516, -0.000000000000, -0.000000000000, 0.000000000000, 0.000000000000, 0.000000000000, 0.000000000000, 0.000000000000, 0.000000000000, 0.000000000000, 0.000000000000, 0.000000000000, 0.000000000000, -0.000022507624,-0.050176870833,0.003161246171,-0.003826227932,0.486165175190,-0.266739403717]; 
   [-0.019757788570,0.009012833714,0.311015942657,2.810181204790,-0.001602140073,-0.000000613279,-0.000000549271,0.000010274224,0.008134087133,-0.003710494952, 0.863507011470, -1.236460821044, 0.060184240645, 0.000000252481, 0.000000226129, -0.000004229797, -0.000000000000, 0.000000000000, 0.000000000000, -0.000000000000, -0.000000000000, 0.000000000000, 0.000000000000, 0.000000000000, 0.000000000000, 0.000000000000, 0.000000000000, 0.000000000000, 0.000010307207,0.019757788570,-0.009012833714,0.001602140073,-0.311015942657,-2.810095522339]; 
  [-0.030385323449,0.003110159427,0.312812882924,0.287354391281,-0.002331730630,-0.000000824205,-0.000000738183,0.000013807861,-8.414922645141,-36.922139523656, -18.505141519315, -3.793715804769, -2.765572372983, 0.035944961732, -0.038910104720, 0.025846348888, 0.527826299191, 1.697201876759, 17.980094722474, 4.615721721183, 0.618925691035, 0.717763941510, 0.036154725527, 0.021151770407, 0.200211885807, -0.236208723376, -10.127341872304, 0.037053334254, 0.000013852188,0.030385323449,-0.003110159427,0.002331730630,-0.312812882924,-0.287229690327]; 
   [0.002667394037,0.004496152836,0.045956750452,1.764514260408,0.000146052012,0.000000019584,0.000000017540,-0.000000328097,-17.119523267503,0.536693033369, 0.353775293385, -8.335731095093, 0.078527228401, 0.005987264162, 0.006725273267, -0.005979187005, -0.182029763642, 3.233906041666, -0.268381596955, -0.514971094398, -0.005888452287, -0.003110464210, 0.081894084826, 0.066024394813, -0.104516302587, 1.631289796960, 0.066233671911, -0.002829938571, -0.000000329150,-0.002667394037,-0.004496152836,-0.000146052012,-0.045956750452,-1.764522071270]; 
  [0.024056576806,-0.001361685819,-0.230715295944,0.185551143531,0.001832537128,0.000000640359,0.000000573525,-0.000010727892,-1.696796379292,-5.819307733117, -2.712299197847, -0.615817527040, -4.029675752634, 0.002306818331, -0.004623901048, 0.071938991843, 2.282021405408, 0.349879770769, 2.900759066988, 4.516150272075, 0.111029828612, 0.137305059460, 0.003655620040, 0.001262406662, 1.082630189953, -0.024777388732, -1.766450614425, -0.930338103031, -0.000010762331,-0.024056576806,0.001361685819,-0.001832537128,0.230715295944,-0.185649147617]; 
   [-1.753103616578,0.521869609890,23.319318958026,145.082271971311,-0.138741289403,-0.000051341929,-0.000045983385,0.000860128319,-11.594360544437,-0.705424902410, -10.592707880324, -54.888617486514, -0.619258600252, -0.018180886764, -0.016310350542, 0.172267463350, 3.857750758541, -3.733629238750, 0.251977753557, 1.659474556422, 0.007076928248, 0.007594883320, -0.096433822422, -0.077989008913, 1.068213380174, -1.854605830991, -0.041177323469, 0.038137029879, 0.000862889566,1.753103616578,-0.521869609890,0.138741289403,-23.319318958026,-145.074852087154]; 
